58 69
1000 500
59 65 39 77
90 14 76 51
9 53 99 43
98 78 96 30
94 72 33 46
92 25 71 64
54 50 63 58
43 40 75 29
20 96 70 2
85 18 92 22
72 15 72 44
93 1 66 78
51 10 18 49
21 21 3 71
2 79 12 9
46 62 17 17
42 68 78 75
91 63 6 78
25 43 34 75
51 78 39 93
82 18 28 87
81 19 36 34
54 80 22 65
24 18 98 87
94 94 56 88
20 38 93 12
36 74 69 10
33 84 63 59
9 28 58 44
36 28 75 12
2 73 24 66
66 60 63 18
44 93 87 97
70 35 27 97
73 93 13 18
45 81 16 51
2 89 7 29
91 87 78 12
29 90 44 67
87 15 97 76
4 91 23 63
6 97 70 90
17 92 38 42
81 10 25 89
98 59 62 66
87 3 48 63
32 45 30 15
87 23 57 60
95 74 79 37
80 41 88 47
95 39 88 46
15 92 64 60
78 22 76 9
59 46 93 85
50 78 97 78
79 39 76 80
18 89 37 35
68 13 41 76
40 83 12 56
7 20 23 75
60 64 33 77
79 74 93 9
13 64 41 63
28 94 21 23
21 88 96 69
97 37 3 15
71 61 91 32
75 38 98 65
15 15 97 78
88 42 35 62
70 6 10 2
9 15 21 59
29 90 31 76
70 52 31 45
35 77 37 6
54 14 1 68
1 19 79 9
74 89 78 91
78 99 34 56
34 49 100 6
13 85 37 66
65 15 61 63
75 43 12 27
6 53 44 49
94 90 35 59
5 100 59 66
77 50 35 13
25 28 13 60
11 33 98 45
84 23 25 19
81 0 89 26
39 23 20 62
82 10 1 47
73 16 56 83
82 16 31 40
68 31 33 82
88 93 56 60
61 45 69 90
21 95 53 12
97 85 15 74
73 18 31 96
46 91 16 95
44 99 67 90
2 9 41 58
0 76 45 1
28 8 92 37
11 99 80 35
93 8 54 83
20 11 21 93
42 37 79 6
70 14 53 66
8 46 36 43
57 26 5 10
7 83 56 83
59 17 93 68
34 34 15 66
41 98 68 64
45 98 52 14
57 43 12 94
55 6 80 67
40 64 29 98
36 52 13 87
41 33 74 99
92 81 96 68
10 4 42 8
13 5 81 85
8 96 86 94
24 70 28 21
6 34 50 71
61 97 95 51
95 88 17 8
91 85 73 45
72 70 32 39
18 60 5 80
1 71 99 72
19 67 40 88
73 35 54 92
93 21 77 22
70 41 16 73
60 53 3 68
82 29 49 71
22 49 26 49
70 67 22 57
33 65 87 58
69 40 42 90
55 53 39 37
15 86 86 16
65 34 45 28
14 95 47 74
83 65 79 22
91 21 3 69
45 59 23 16
38 62 26 68
80 26 36 56
52 21 69 5
72 62 25 65
6 20 79 68
46 22 77 85
45 76 40 37
9 29 78 62
65 18 74 73
31 62 51 51
65 35 35 21
72 99 72 97
20 27 35 10
96 90 42 40
92 90 58 90
34 47 92 57
23 64 91 86
29 17 96 83
85 59 68 79
99 67 64 75
95 44 97 97
8 99 54 3
30 73 37 24
25 33 94 33
55 80 86 64
89 13 60 71
82 95 56 88
47 71 61 1
74 92 86 2
5 54 74 10
58 18 67 27
2 33 65 99
52 64 22 40
4 50 73 11
5 82 8 3
14 66 12 19
32 89 74 78
47 46 1 72
69 11 7 65
66 46 19 6
75 45 7 80
79 77 63 94
50 11 74 50
88 85 66 29
95 46 67 41
69 91 92 99
57 79 89 96
4 98 89 12
49 40 46 95
35 76 68 89
77 99 28 9
29 51 78 47
5 59 50 43
76 9 80 79
94 100 96 6
65 11 3 26
27 57 11 92
46 44 24 40
96 62 20 20
38 90 94 79
19 88 69 57
22 5 30 80
35 20 76 33
44 72 38 87
75 82 89 59
12 4 29 69
34 7 86 36
46 63 96 100
32 10 92 96
35 43 65 50
4 53 37 18
13 26 33 34
26 63 65 81
11 9 53 45
76 2 2 40
4 51 40 39
58 86 80 3
56 26 79 67
40 7 100 85
8 14 93 79
71 100 67 20
80 29 70 85
50 33 54 54
48 64 78 55
48 1 82 17
23 36 97 45
60 74 86 61
65 97 55 61
19 69 72 72
34 82 72 74
8 80 6 74
66 22 99 36
31 98 22 53
75 29 56 73
38 61 35 90
62 19 82 8
73 63 9 91
89 33 87 40
78 68 62 92
79 80 29 69
93 68 30 49
34 63 42 79
58 4 47 86
55 12 91 45
93 34 96 20
88 26 42 12
28 25 60 79
23 38 16 93
3 46 99 26
97 7 12 90
3 9 45 77
34 1 59 4
34 74 97 55
24 83 41 42
81 72 62 23
87 44 1 16
99 14 28 7
80 87 100 55
44 16 52 74
37 44 100 96
0 92 17 54
9 97 88 82
62 11 81 49
20 34 20 92
63 90 82 84
19 43 8 75
74 39 88 86
46 26 6 67
69 62 49 14
14 17 62 41
26 6 96 13
75 35 42 84
9 43 28 73
53 94 20 70
72 58 91 89
32 79 59 80
97 83 10 22
35 65 64 64
72 8 59 26
79 35 24 29
56 65 53 87
32 42 38 55
28 92 49 75
79 71 7 2
100 30 89 37
64 5 85 79
69 17 84 96
55 54 97 65
40 41 75 39
27 78 19 96
59 63 31 68
70 73 30 66
52 50 84 41
88 96 88 32
62 96 16 76
3 8 17 88
59 67 16 56
24 53 21 37
36 59 30 39
17 0 13 49
70 28 62 47
44 41 45 78
10 13 36 42
50 47 50 95
15 25 24 33
58 68 13 43
26 88 72 46
88 45 63 88
48 47 75 85
95 54 79 8
67 6 35 19
33 84 11 36
39 90 5 35
93 29 71 26
68 41 21 86
12 77 31 99
90 75 70 29
2 50 2 73
41 94 57 7
67 97 94 28
22 35 67 33
16 77 30 34
47 79 88 36
76 90 21 55
14 31 20 10
86 76 20 43
100 9 82 36
89 38 67 12
76 41 29 80
42 9 100 25
96 50 41 75
33 52 56 94
94 71 65 38
10 65 39 25
46 26 18 3
65 74 33 65
54 51 55 19
75 70 69 10
73 32 47 31
88 30 75 76
90 93 36 88
37 11 47 92
68 0 92 59
60 71 73 42
75 23 72 72
30 55 81 7
29 63 14 56
71 53 60 99
40 36 33 4
23 82 73 25
92 25 63 21
72 93 80 69
20 63 10 92
25 23 36 36
86 52 67 24
47 49 89 15
24 76 59 95
30 13 70 69
52 7 28 13
97 95 33 52
16 24 76 58
21 20 34 60
8 81 27 59
13 41 78 7
33 7 33 92
76 83 75 76
5 25 50 77
93 99 49 75
21 53 78 42
51 68 26 40
68 20 23 97
93 14 3 80
21 27 80 7
81 21 16 72
33 81 42 4
64 84 75 76
22 8 78 66
100 0 50 56
3 92 52 26
69 3 20 87
54 16 55 19
3 65 18 82
89 62 15 89
16 92 14 13
55 36 51 96
53 16 61 41
30 38 47 54
35 80 45 47
9 12 4 40
73 87 56 3
74 68 43 34
23 12 39 46
57 53 27 89
31 33 53 46
37 54 69 98
77 96 80 6
6 21 38 52
95 80 59 65
73 78 9 4
86 82 22 97
65 83 67 88
31 100 9 32
48 100 44 69
17 40 66 60
50 59 4 53
89 38 40 28
25 36 69 67
12 15 7 76
76 20 45 58
78 3 97 50
72 51 69 27
49 16 86 50
77 35 37 22
55 11 13 48
50 70 79 56
67 74 60 9
41 64 73 30
75 96 12 95
31 7 42 37
53 5 51 10
49 27 2 95
55 27 59 54
80 66 58 75
45 9 50 43
41 18 3 54
99 94 58 15
22 7 61 10
36 78 48 99
43 71 65 16
23 70 5 13
84 92 19 19
42 20 50 11
31 39 40 73
5 20 15 48
54 43 36 23
27 1 22 30
29 47 72 39
35 66 100 88
100 51 10 74
88 68 80 27
93 43 44 99
94 27 69 40
67 72 51 8
2 94 10 30
96 10 14 8
18 3 1 92
25 88 12 97
11 60 26 49
65 89 64 7
54 67 76 44
70 11 54 26
33 65 5 15
86 40 47 1
78 100 58 14
74 7 28 90
99 30 67 95
15 1 72 18
87 10 86 25
93 70 51 71
72 31 58 65
44 9 17 24
21 92 31 98
15 61 45 88
40 52 12 53
24 75 29 23
3 38 50 35
35 56 99 1
16 55 85 87
39 7 75 39
99 3 15 98
32 52 63 33
60 65 48 66
6 36 78 81
36 81 7 54
91 15 12 96
99 36 80 39
59 85 100 55
10 33 37 20
57 75 37 32
75 36 68 19
48 76 28 33
72 88 10 93
56 55 33 76
48 5 11 44
82 92 71 31
37 81 8 72
66 93 96 97
26 16 68 19
8 52 97 89
64 26 53 51
77 63 42 26
50 65 71 58
42 45 96 99
15 7 78 8
5 7 99 44
94 42 78 93
71 61 55 11
87 91 44 76
19 36 7 59
89 69 92 30
30 99 33 36
2 54 36 50
31 91 18 76
58 74 57 15
45 76 74 22
36 16 70 52
26 3 63 71
68 95 69 51
52 48 54 89
88 15 53 95
49 40 39 79
28 45 99 22
66 22 47 21
76 58 45 37
9 13 68 67
83 31 28 44
56 61 14 19
40 26 91 34
66 58 29 54
13 100 10 37
0 52 96 66
66 14 38 44
64 25 3 96
4 74 61 26
63 29 23 80
61 35 8 32
79 35 87 66
11 46 82 23
78 40 98 6
68 65 36 99
92 45 77 65
71 89 3 89
92 38 94 93
92 69 74 16
89 92 36 48
78 48 64 25
2 6 20 94
74 65 26 81
82 88 95 44
55 70 84 50
35 95 63 93
84 75 2 72
30 86 12 90
95 30 96 48
0 99 51 46
49 21 3 84
88 22 84 38
83 89 54 39
50 49 40 7
0 85 9 48
82 85 76 38
35 67 99 49
85 71 15 97
70 58 77 78
77 99 96 46
46 70 29 76
80 61 87 91
84 11 86 7
20 48 61 28
18 66 2 93
53 44 59 27
96 41 22 16
0 39 89 56
88 92 67 54
65 20 71 85
64 87 56 87
91 73 32 54
93 86 26 99
20 72 66 25
7 96 13 42
58 74 17 18
87 2 100 44
29 32 79 10
7 79 92 8
83 99 23 57
85 16 28 78
0 61 76 26
59 62 92 96
13 8 100 77
4 12 21 34
17 63 49 28
64 53 19 31
16 7 87 15
77 48 32 4
18 73 25 94
74 62 85 95
13 20 68 3
92 14 77 6
2 31 29 36
13 87 93 44
17 63 79 20
34 74 79 29
30 43 19 50
86 97 5 74
70 96 57 63
92 40 65 90
69 87 1 98
10 87 22 36
36 100 8 30
96 72 69 72
67 43 84 50
13 99 12 7
25 20 57 66
64 41 29 41
51 81 99 82
5 35 7 71
1 68 13 48
96 61 57 49
80 34 64 46
51 37 4 41
81 6 80 60
73 78 4 81
58 47 50 20
64 93 91 77
68 10 85 41
28 47 24 43
29 91 85 5
52 10 23 18
46 73 73 93
37 7 37 51
18 93 97 51
79 96 50 71
57 70 27 26
38 0 70 60
94 65 12 30
56 98 65 73
55 65 20 30
76 25 85 72
94 56 86 34
20 21 28 36
73 67 83 14
31 59 100 7
36 68 16 69
83 78 65 98
15 40 32 48
97 37 38 7
57 38 94 67
71 4 59 71
73 13 16 84
11 30 9 84
55 31 29 7
49 50 21 15
78 15 97 33
28 8 35 63
88 87 100 99
60 5 42 91
18 1 43 58
38 64 22 42
35 80 51 69
98 8 67 51
13 96 49 21
35 96 73 59
22 88 15 25
59 71 16 44
44 37 8 53
43 14 23 52
3 16 10 61
85 0 20 78
25 88 33 54
9 95 27 20
30 17 57 3
30 2 59 52
12 96 25 45
41 51 74 20
40 51 55 5
55 43 53 92
54 34 65 2
80 88 88 30
17 48 28 80
93 58 46 20
85 2 51 31
97 54 8 8
32 20 38 54
71 6 60 21
56 73 77 53
53 88 75 99
13 15 100 2
42 9 82 29
86 36 48 42
64 58 6 96
81 21 23 74
28 23 93 64
19 50 47 15
99 34 18 7
78 47 50 90
36 87 6 91
16 31 58 31
24 7 56 63
20 23 46 95
78 33 40 21
11 2 49 15
44 54 8 76
33 44 42 71
28 77 43 27
23 43 81 18
80 91 57 49
78 99 86 92
10 86 49 12
34 83 18 45
87 59 58 18
79 40 93 66
33 91 3 9
14 1 57 26
71 62 39 37
56 61 17 6
34 76 66 80
2 6 24 16
58 78 90 24
38 87 89 84
68 98 38 45
63 16 10 64
17 86 7 26
19 25 46 4
94 96 79 44
89 84 44 74
11 74 71 32
29 31 82 62
14 64 13 15
59 44 76 5
61 85 20 78
96 86 1 9
40 58 24 79
93 82 92 28
17 67 27 29
68 50 77 59
78 90 28 92
86 85 49 55
87 37 44 13
17 1 42 51
9 30 54 64
56 50 68 43
46 7 9 17
34 46 7 76
24 66 35 53
50 38 17 100
62 14 40 60
37 2 59 90
59 41 52 24
53 40 1 84
56 72 22 80
91 35 59 84
98 49 95 45
74 7 55 78
94 11 41 80
99 61 27 78
50 51 53 46
97 30 75 85
69 43 87 79
39 71 3 92
18 74 33 36
74 97 60 80
12 11 20 55
38 46 5 73
17 6 68 43
72 83 30 37
19 0 20 71
19 76 71 80
84 4 9 15
89 96 4 11
11 90 28 17
28 35 50 78
31 93 5 83
58 18 46 22
26 41 99 24
87 3 7 75
83 80 15 19
55 11 65 98
3 98 40 66
99 70 12 15
2 18 16 21
89 13 7 24
49 19 53 15
82 35 4 99
32 96 29 27
91 61 74 45
35 2 98 67
35 35 14 36
85 44 80 3
99 21 20 46
29 8 93 51
58 93 68 45
77 78 21 67
44 72 64 87
26 30 25 95
61 61 47 7
61 56 36 61
82 90 55 86
8 68 87 3
28 69 87 95
68 95 22 56
98 68 20 77
87 14 52 92
8 52 46 89
47 99 32 12
38 10 85 20
4 6 64 31
16 92 68 81
8 94 55 28
69 20 42 50
33 70 72 88
95 41 39 24
48 41 20 7
59 0 42 72
37 69 73 31
65 30 41 84
17 100 73 43
93 71 38 99
86 15 35 70
41 37 96 72
21 4 46 27
12 100 90 96
99 77 57 22
96 68 91 28
24 58 98 77
13 22 40 62
86 21 82 93
14 3 90 97
39 27 99 11
24 75 44 48
96 39 78 23
7 21 97 15
71 17 82 98
99 98 64 92
79 86 97 13
70 43 76 80
88 91 99 74
28 52 53 79
5 96 13 22
27 62 43 26
21 77 100 92
34 75 33 15
49 34 17 98
95 16 31 67
30 30 97 22
68 83 72 73
10 78 29 62
23 61 22 75
47 76 24 58
10 84 58 3
97 32 34 27
62 91 47 81
93 61 98 32
21 14 95 1
19 26 34 65
86 4 16 98
86 58 35 8
48 17 67 14
68 83 36 95
86 74 76 57
44 44 36 37
60 98 85 82
51 5 21 59
89 91 45 75
23 3 31 69
92 42 64 13
66 15 78 50
57 64 42 96
28 32 73 11
34 77 11 92
11 85 29 42
21 80 77 70
33 31 10 73
80 64 33 66
34 99 15 28
20 46 63 15
84 67 70 68
31 31 97 61
2 37 88 97
10 31 70 34
96 18 1 2
11 17 14 43
34 79 39 58
9 11 8 97
23 37 1 13
61 51 40 28
91 42 5 8
75 20 52 3
80 32 40 8
19 60 22 43
78 90 33 43
9 53 7 11
13 85 65 93
42 28 57 6
93 27 64 86
99 24 59 28
62 97 63 32
100 52 51 5
38 88 97 72
99 16 67 53
58 67 39 74
87 91 44 63
28 58 98 34
9 86 100 58
7 80 17 1
18 11 90 40
23 35 20 92
68 44 39 64
38 96 20 38
49 32 17 45
41 77 76 59
33 97 29 59
14 39 36 100
24 56 15 16
42 9 15 58
57 96 60 20
31 32 88 9
63 26 86 20
9 7 19 53
88 4 85 12
96 92 88 43
46 12 36 69
68 41 99 58
64 100 38 28
13 40 35 36
30 74 61 38
51 50 19 56
50 28 84 26
98 66 79 2
65 100 14 46
26 99 62 5
71 48 70 29
81 23 43 79
54 0 88 29
11 16 98 29
54 65 66 44
64 10 73 81
88 84 80 99
56 68 62 61
70 29 61 91
73 82 30 75
28 37 51 10
80 55 8 49
40 6 66 69
74 99 83 18
6 29 10 60
58 4 88 62
31 62 93 40
57 29 92 74
62 85 86 72
62 49 38 67
18 12 94 85
6 34 99 3
92 81 14 10
80 21 45 67
24 34 97 33
36 56 61 42
75 8 27 69
4 19 12 26
95 75 47 46
98 31 41 82
16 29 72 7
39 93 36 17
72 52 25 54
5 89 41 85
22 59 19 66
74 100 25 48
19 94 91 24
88 11 21 96
34 2 17 58
84 89 76 94
80 88 69 5
90 80 91 39
20 57 98 15
20 36 27 18
98 18 12 14
98 70 79 77
23 60 78 87
10 89 79 97
55 38 28 60
58 76 41 17
25 38 55 46
21 47 6 26
62 31 97 3
93 10 9 74
76 57 6 44
0 43 49 98
20 91 72 63
3 73 22 45
29 20 34 88
86 94 19 41
85 67 71 2
23 90 22 85
23 80 92 50
0 37 79 13
54 12 16 94
21 79 78 36
53 90 53 15
21 77 73 94